# TSE - 2025-11-11
1,2337,旺宏            ,80345
2,6770,力積電          ,63108
3,2867,三商壽          ,45776
4,00919,群益台灣精選高息,44744
5,1303,南亞            ,26805
6,2891,中信金          ,26744
7,2890,永豐金          ,26233
8,1326,台化            ,24431
9,1301,台塑            ,20221
10,1605,華新            ,19153
11,2883,凱基金          ,18080
12,1802,台玻            ,12047
13,3231,緯創            ,11119
14,2374,佳能            ,11076
15,2834,臺企銀          ,8734
16,3706,神達            ,7061
17,00953B,群益優選非投等債,6646
18,8110,華東            ,6137
19,6505,台塑化          ,5579
20,00882,中信中國高股息  ,5397
21,00881,國泰台灣科技龍頭,4618
22,3715,定穎投控        ,3961
23,3711,日月光投控      ,3521
24,1409,新纖            ,3457
25,2354,鴻準            ,3408
26,00988A,主動統一全球創新,3236
27,00713,元大台灣高息低波,3074
28,3013,晟銘電          ,2979
29,2633,台灣高鐵        ,2976
30,2801,彰銀            ,2811
31,2485,兆赫            ,2632
32,8046,南電            ,2605
33,2495,普安            ,2537
34,2884,玉山金          ,2444
35,1440,南紡            ,2404
36,3060,銘異            ,2333
37,3037,欣興            ,2315
38,1708,東鹼            ,2309
39,2439,美律            ,2291
40,5880,合庫金          ,2179
41,2323,中環            ,2106
42,8271,宇瞻            ,2023
43,2313,華通            ,1995
44,2880,華南金          ,1843
45,2303,聯電            ,1778
46,2369,菱生            ,1688
47,2382,廣達            ,1676
48,00715L,期街口布蘭特正2 ,1670
49,2105,正新            ,1576
50,8021,尖點            ,1485
51,0050,元大台灣50      ,-51042
52,00980A,主動野村臺灣優選,-34699
53,2408,南亞科          ,-26619
54,00982A,主動群益台灣強棒,-22044
55,2409,友達            ,-19301
56,3481,群創            ,-18829
57,2324,仁寶            ,-12639
58,1314,中石化          ,-12568
59,00900,富邦特選高股息30,-12536
60,2312,金寶            ,-10614
61,2610,華航            ,-9184
62,2371,大同            ,-8268
63,0056,元大高股息      ,-7850
64,2356,英業達          ,-7801
65,2317,鴻海            ,-6958
66,6282,康舒            ,-5983
67,2603,長榮            ,-5733
68,2330,台積電          ,-5585
69,00981A,主動統一台股增長,-5579
70,8112,至上            ,-5410
