# TSE - 2026-07-22
1,00631L,元大台灣50正2   ,66345
2,2883,凱基金          ,37849
3,0056,元大高股息      ,35188
4,2027,大成鋼          ,29083
5,2002,中鋼            ,24089
6,3231,緯創            ,23093
7,2885,元大金          ,22771
8,1326,台化            ,22028
9,00919,群益台灣精選高息,20551
10,00918,大華優利高填息30,20073
11,2317,鴻海            ,18167
12,0050,元大台灣50      ,16230
13,8112,至上            ,14914
14,2377,微星            ,12965
15,2408,南亞科          ,10493
16,2337,旺宏            ,10413
17,1301,台塑            ,10038
18,00953B,群益優選非投等債,9445
19,2618,長榮航          ,8520
20,00878,國泰永續高股息  ,8379
21,00940,元大台灣價值高息,8185
22,3576,聯合再生        ,7581
23,1810,和成            ,7179
24,2324,仁寶            ,7161
25,4938,和碩            ,7110
26,2301,光寶科          ,7093
27,2882,國泰金          ,6611
28,00929,復華台灣科技優息,6401
29,2603,長榮            ,5734
30,2881,富邦金          ,5468
31,3605,宏致            ,5115
32,2353,宏碁            ,4510
33,2615,萬海            ,4399
34,4763,材料*-KY        ,4398
35,2801,彰銀            ,4396
36,3006,晶豪科          ,4294
37,2449,京元電子        ,4046
38,2332,友訊            ,3962
39,2890,永豐金          ,3691
40,1312,國喬            ,3682
41,2356,英業達          ,3670
42,3037,欣興            ,3237
43,2347,聯強            ,2987
44,2388,威盛            ,2941
45,2609,陽明            ,2918
46,2401,凌陽            ,2893
47,2412,中華電          ,2841
48,1710,東聯            ,2688
49,6239,力成            ,2580
50,4904,遠傳            ,2564
51,00900,富邦特選高股息30,2517
52,5871,中租-KY         ,2452
53,2812,台中銀          ,2381
54,2834,臺企銀          ,2334
55,9945,潤泰新          ,2301
56,5876,上海商銀        ,2279
57,3706,神達            ,2278
58,3045,台灣大          ,2233
59,3034,聯詠            ,2223
60,1605,華新            ,2163
61,3711,日月光投控      ,2134
62,00881,國泰台灣科技龍頭,2122
63,8033,雷虎            ,2106
64,6456,GIS-KY          ,2038
65,2357,華碩            ,2005
66,2606,裕民            ,1925
67,1304,台聚            ,1922
68,8131,福懋科          ,1911
69,3022,威強電          ,1888
70,2369,菱生            ,1863
71,5388,中磊            ,1816
72,2425,承啟            ,1763
73,00939,統一台灣高息動能,1739
74,1402,遠東新          ,1673
75,2884,玉山金          ,1605
76,00712,復華富時不動產  ,1576
77,1504,東元            ,1574
78,2323,中環            ,1568
79,3033,威健            ,1544
80,2637,慧洋-KY         ,1451
81,1303,南亞            ,1411
82,3413,京鼎            ,1406
83,6176,瑞儀            ,1398
84,2892,第一金          ,1298
85,2406,國碩            ,1281
86,6505,台塑化          ,1209
87,2354,鴻準            ,1199
88,1313,聯成            ,1135
89,1102,亞泥            ,1105
90,2486,一詮            ,1089
91,2605,新興            ,1079
92,1536,和大            ,968
93,3035,智原            ,967
94,2206,三陽工業        ,947
95,3532,台勝科          ,943
96,2385,群光            ,928
97,3714,富采            ,922
98,3005,神基            ,907
99,2371,大同            ,901
100,2006,東和鋼鐵        ,888
101,00632R,元大台灣50反1   ,-63033
102,2634,漢翔            ,-30626
103,1718,中纖            ,-22913
104,8150,南茂            ,-15248
105,1216,統一            ,-9444
106,6770,力積電          ,-9092
107,2409,友達            ,-7726
108,1314,中石化          ,-7202
109,2344,華邦電          ,-6621
110,2481,強茂            ,-5961
111,9904,寶成            ,-5604
112,2313,華通            ,-5565
113,2327,國巨*           ,-3902
114,2105,正新            ,-3794
115,2352,佳世達          ,-3785
116,1101,台泥            ,-3477
117,5880,合庫金          ,-3409
118,6226,光鼎            ,-3339
119,2303,聯電            ,-3198
120,2330,台積電          ,-3028
121,3042,晶技            ,-2969
122,2208,台船            ,-2869
123,6116,彩晶            ,-2759
124,1717,長興            ,-2715
125,2887,台新新光金      ,-2702
126,2633,台灣高鐵        ,-2570
127,2889,國票金          ,-2541
128,2630,亞航            ,-2521
129,2382,廣達            ,-2363
130,1714,和桐            ,-2343
131,3016,嘉晶            ,-2331
132,2504,國產            ,-2178
133,6213,聯茂            ,-1929
134,1434,福懋            ,-1899
135,5471,松翰            ,-1677
136,8039,台虹            ,-1643
137,2867,三商壽          ,-1633
138,4956,光鋐            ,-1630
139,2368,金像電          ,-1522
140,2316,楠梓電          ,-1514
141,8105,凌巨            ,-1506
142,2838,聯邦銀          ,-1475
143,1712,興農            ,-1446
144,9938,百和            ,-1405
145,2912,統一超          ,-1395
146,1229,聯華            ,-1392
147,8926,台汽電          ,-1379
148,3036,文曄            ,-1366
149,2891,中信金          ,-1350
150,2204,中華            ,-1289
